Iteracija: 0. Najbolji y: 20.63606394430962 najbolji X: [-55.76071349 -89.08937478  99.03241642  -1.01870025 -66.02456331
  47.13274906 -37.95133373  12.0414536   18.214924    81.86244079] 
Iteracija: 1. Najbolji y: 20.555974471903475 najbolji X: [ 11.9820909  -86.9445972   96.90718181  -9.95870167 -31.67217342
  30.11666048 -51.96370424  39.93066358  31.09092952  34.03365017] 
Iteracija: 2. Najbolji y: 20.555974471903475 najbolji X: [ 11.9820909  -86.9445972   96.90718181  -9.95870167 -31.67217342
  30.11666048 -51.96370424  39.93066358  31.09092952  34.03365017] 
Iteracija: 3. Najbolji y: 20.555974471903475 najbolji X: [ 11.9820909  -86.9445972   96.90718181  -9.95870167 -31.67217342
  30.11666048 -51.96370424  39.93066358  31.09092952  34.03365017] 
Iteracija: 4. Najbolji y: 20.555974471903475 najbolji X: [ 11.9820909  -86.9445972   96.90718181  -9.95870167 -31.67217342
  30.11666048 -51.96370424  39.93066358  31.09092952  34.03365017] 
Iteracija: 5. Najbolji y: 20.555974471903475 najbolji X: [ 11.9820909  -86.9445972   96.90718181  -9.95870167 -31.67217342
  30.11666048 -51.96370424  39.93066358  31.09092952  34.03365017] 
Iteracija: 6. Najbolji y: 20.555974471903475 najbolji X: [ 11.9820909  -86.9445972   96.90718181  -9.95870167 -31.67217342
  30.11666048 -51.96370424  39.93066358  31.09092952  34.03365017] 
Iteracija: 7. Najbolji y: 20.555974471903475 najbolji X: [ 11.9820909  -86.9445972   96.90718181  -9.95870167 -31.67217342
  30.11666048 -51.96370424  39.93066358  31.09092952  34.03365017] 
Iteracija: 8. Najbolji y: 20.555974471903475 najbolji X: [ 11.9820909  -86.9445972   96.90718181  -9.95870167 -31.67217342
  30.11666048 -51.96370424  39.93066358  31.09092952  34.03365017] 
Iteracija: 9. Najbolji y: 20.36870379119365 najbolji X: [228.98535232 -33.05332072 118.92135645  -6.06180547 -12.85812545
  37.81216367 -41.97129253  51.00688975  48.98437263  22.09994889] 
Iteracija: 10. Najbolji y: 20.36870379119365 najbolji X: [228.98535232 -33.05332072 118.92135645  -6.06180547 -12.85812545
  37.81216367 -41.97129253  51.00688975  48.98437263  22.09994889] 
Iteracija: 11. Najbolji y: 20.36870379119365 najbolji X: [228.98535232 -33.05332072 118.92135645  -6.06180547 -12.85812545
  37.81216367 -41.97129253  51.00688975  48.98437263  22.09994889] 
Iteracija: 12. Najbolji y: 20.36870379119365 najbolji X: [228.98535232 -33.05332072 118.92135645  -6.06180547 -12.85812545
  37.81216367 -41.97129253  51.00688975  48.98437263  22.09994889] 
Iteracija: 13. Najbolji y: 20.36870379119365 najbolji X: [228.98535232 -33.05332072 118.92135645  -6.06180547 -12.85812545
  37.81216367 -41.97129253  51.00688975  48.98437263  22.09994889] 
Iteracija: 14. Najbolji y: 20.36870379119365 najbolji X: [228.98535232 -33.05332072 118.92135645  -6.06180547 -12.85812545
  37.81216367 -41.97129253  51.00688975  48.98437263  22.09994889] 
Iteracija: 15. Najbolji y: 20.36870379119365 najbolji X: [228.98535232 -33.05332072 118.92135645  -6.06180547 -12.85812545
  37.81216367 -41.97129253  51.00688975  48.98437263  22.09994889] 
Iteracija: 16. Najbolji y: 20.36870379119365 najbolji X: [228.98535232 -33.05332072 118.92135645  -6.06180547 -12.85812545
  37.81216367 -41.97129253  51.00688975  48.98437263  22.09994889] 
Iteracija: 17. Najbolji y: 20.36870379119365 najbolji X: [228.98535232 -33.05332072 118.92135645  -6.06180547 -12.85812545
  37.81216367 -41.97129253  51.00688975  48.98437263  22.09994889] 
Iteracija: 18. Najbolji y: 20.36870379119365 najbolji X: [228.98535232 -33.05332072 118.92135645  -6.06180547 -12.85812545
  37.81216367 -41.97129253  51.00688975  48.98437263  22.09994889] 
Iteracija: 19. Najbolji y: 20.36870379119365 najbolji X: [228.98535232 -33.05332072 118.92135645  -6.06180547 -12.85812545
  37.81216367 -41.97129253  51.00688975  48.98437263  22.09994889] 
Iteracija: 20. Najbolji y: 20.36870379119365 najbolji X: [228.98535232 -33.05332072 118.92135645  -6.06180547 -12.85812545
  37.81216367 -41.97129253  51.00688975  48.98437263  22.09994889] 
Iteracija: 21. Najbolji y: 20.36870379119365 najbolji X: [228.98535232 -33.05332072 118.92135645  -6.06180547 -12.85812545
  37.81216367 -41.97129253  51.00688975  48.98437263  22.09994889] 
Iteracija: 22. Najbolji y: 20.36870379119365 najbolji X: [228.98535232 -33.05332072 118.92135645  -6.06180547 -12.85812545
  37.81216367 -41.97129253  51.00688975  48.98437263  22.09994889] 
Iteracija: 23. Najbolji y: 20.36870379119365 najbolji X: [228.98535232 -33.05332072 118.92135645  -6.06180547 -12.85812545
  37.81216367 -41.97129253  51.00688975  48.98437263  22.09994889] 
Iteracija: 24. Najbolji y: 20.36870379119365 najbolji X: [228.98535232 -33.05332072 118.92135645  -6.06180547 -12.85812545
  37.81216367 -41.97129253  51.00688975  48.98437263  22.09994889] 
Iteracija: 25. Najbolji y: 20.36870379119365 najbolji X: [228.98535232 -33.05332072 118.92135645  -6.06180547 -12.85812545
  37.81216367 -41.97129253  51.00688975  48.98437263  22.09994889] 
Iteracija: 26. Najbolji y: 20.36870379119365 najbolji X: [228.98535232 -33.05332072 118.92135645  -6.06180547 -12.85812545
  37.81216367 -41.97129253  51.00688975  48.98437263  22.09994889] 
Iteracija: 27. Najbolji y: 20.36870379119365 najbolji X: [228.98535232 -33.05332072 118.92135645  -6.06180547 -12.85812545
  37.81216367 -41.97129253  51.00688975  48.98437263  22.09994889] 
Iteracija: 28. Najbolji y: 20.36870379119365 najbolji X: [228.98535232 -33.05332072 118.92135645  -6.06180547 -12.85812545
  37.81216367 -41.97129253  51.00688975  48.98437263  22.09994889] 
Iteracija: 29. Najbolji y: 20.36870379119365 najbolji X: [228.98535232 -33.05332072 118.92135645  -6.06180547 -12.85812545
  37.81216367 -41.97129253  51.00688975  48.98437263  22.09994889] 
Iteracija: 30. Najbolji y: 20.36870379119365 najbolji X: [228.98535232 -33.05332072 118.92135645  -6.06180547 -12.85812545
  37.81216367 -41.97129253  51.00688975  48.98437263  22.09994889] 
Iteracija: 31. Najbolji y: 20.36870379119365 najbolji X: [228.98535232 -33.05332072 118.92135645  -6.06180547 -12.85812545
  37.81216367 -41.97129253  51.00688975  48.98437263  22.09994889] 
Iteracija: 32. Najbolji y: 20.36870379119365 najbolji X: [228.98535232 -33.05332072 118.92135645  -6.06180547 -12.85812545
  37.81216367 -41.97129253  51.00688975  48.98437263  22.09994889] 
Iteracija: 33. Najbolji y: 20.36870379119365 najbolji X: [228.98535232 -33.05332072 118.92135645  -6.06180547 -12.85812545
  37.81216367 -41.97129253  51.00688975  48.98437263  22.09994889] 
Iteracija: 34. Najbolji y: 20.36870379119365 najbolji X: [228.98535232 -33.05332072 118.92135645  -6.06180547 -12.85812545
  37.81216367 -41.97129253  51.00688975  48.98437263  22.09994889] 
Iteracija: 35. Najbolji y: 20.36870379119365 najbolji X: [228.98535232 -33.05332072 118.92135645  -6.06180547 -12.85812545
  37.81216367 -41.97129253  51.00688975  48.98437263  22.09994889] 
Iteracija: 36. Najbolji y: 20.36870379119365 najbolji X: [228.98535232 -33.05332072 118.92135645  -6.06180547 -12.85812545
  37.81216367 -41.97129253  51.00688975  48.98437263  22.09994889] 
Iteracija: 37. Najbolji y: 20.36870379119365 najbolji X: [228.98535232 -33.05332072 118.92135645  -6.06180547 -12.85812545
  37.81216367 -41.97129253  51.00688975  48.98437263  22.09994889] 
Iteracija: 38. Najbolji y: 20.36870379119365 najbolji X: [228.98535232 -33.05332072 118.92135645  -6.06180547 -12.85812545
  37.81216367 -41.97129253  51.00688975  48.98437263  22.09994889] 
Iteracija: 39. Najbolji y: 20.36870379119365 najbolji X: [228.98535232 -33.05332072 118.92135645  -6.06180547 -12.85812545
  37.81216367 -41.97129253  51.00688975  48.98437263  22.09994889] 
Iteracija: 40. Najbolji y: 20.36870379119365 najbolji X: [228.98535232 -33.05332072 118.92135645  -6.06180547 -12.85812545
  37.81216367 -41.97129253  51.00688975  48.98437263  22.09994889] 
Iteracija: 41. Najbolji y: 20.36870379119365 najbolji X: [228.98535232 -33.05332072 118.92135645  -6.06180547 -12.85812545
  37.81216367 -41.97129253  51.00688975  48.98437263  22.09994889] 
Iteracija: 42. Najbolji y: 20.36870379119365 najbolji X: [228.98535232 -33.05332072 118.92135645  -6.06180547 -12.85812545
  37.81216367 -41.97129253  51.00688975  48.98437263  22.09994889] 
Iteracija: 43. Najbolji y: 20.36870379119365 najbolji X: [228.98535232 -33.05332072 118.92135645  -6.06180547 -12.85812545
  37.81216367 -41.97129253  51.00688975  48.98437263  22.09994889] 
Iteracija: 44. Najbolji y: 20.36870379119365 najbolji X: [228.98535232 -33.05332072 118.92135645  -6.06180547 -12.85812545
  37.81216367 -41.97129253  51.00688975  48.98437263  22.09994889] 
Iteracija: 45. Najbolji y: 20.36870379119365 najbolji X: [228.98535232 -33.05332072 118.92135645  -6.06180547 -12.85812545
  37.81216367 -41.97129253  51.00688975  48.98437263  22.09994889] 
Iteracija: 46. Najbolji y: 20.36870379119365 najbolji X: [228.98535232 -33.05332072 118.92135645  -6.06180547 -12.85812545
  37.81216367 -41.97129253  51.00688975  48.98437263  22.09994889] 
Iteracija: 47. Najbolji y: 20.36870379119365 najbolji X: [228.98535232 -33.05332072 118.92135645  -6.06180547 -12.85812545
  37.81216367 -41.97129253  51.00688975  48.98437263  22.09994889] 
Iteracija: 48. Najbolji y: 20.36870379119365 najbolji X: [228.98535232 -33.05332072 118.92135645  -6.06180547 -12.85812545
  37.81216367 -41.97129253  51.00688975  48.98437263  22.09994889] 
Iteracija: 49. Najbolji y: 20.36870379119365 najbolji X: [228.98535232 -33.05332072 118.92135645  -6.06180547 -12.85812545
  37.81216367 -41.97129253  51.00688975  48.98437263  22.09994889] 
Iteracija: 50. Najbolji y: 20.36870379119365 najbolji X: [228.98535232 -33.05332072 118.92135645  -6.06180547 -12.85812545
  37.81216367 -41.97129253  51.00688975  48.98437263  22.09994889] 
Iteracija: 51. Najbolji y: 20.01013413117379 najbolji X: [  1.99559977 -18.38098011 -18.4303355   18.92440199  -8.93400855
   6.01015699  22.18602001  -2.15387813 -14.86183495  -1.70324395] 
Iteracija: 52. Najbolji y: 20.01013413117379 najbolji X: [  1.99559977 -18.38098011 -18.4303355   18.92440199  -8.93400855
   6.01015699  22.18602001  -2.15387813 -14.86183495  -1.70324395] 
Iteracija: 53. Najbolji y: 20.01013413117379 najbolji X: [  1.99559977 -18.38098011 -18.4303355   18.92440199  -8.93400855
   6.01015699  22.18602001  -2.15387813 -14.86183495  -1.70324395] 
Iteracija: 54. Najbolji y: 20.01013413117379 najbolji X: [  1.99559977 -18.38098011 -18.4303355   18.92440199  -8.93400855
   6.01015699  22.18602001  -2.15387813 -14.86183495  -1.70324395] 
Iteracija: 55. Najbolji y: 20.01013413117379 najbolji X: [  1.99559977 -18.38098011 -18.4303355   18.92440199  -8.93400855
   6.01015699  22.18602001  -2.15387813 -14.86183495  -1.70324395] 
Iteracija: 56. Najbolji y: 19.656526891957377 najbolji X: [  3.70882878   2.33229323 -16.97683005 -13.00115125 -14.31614192
  10.836049    17.50474595  -0.32901066 -13.60824099   0.07177588] 
Iteracija: 57. Najbolji y: 19.656526891957377 najbolji X: [  3.70882878   2.33229323 -16.97683005 -13.00115125 -14.31614192
  10.836049    17.50474595  -0.32901066 -13.60824099   0.07177588] 
Iteracija: 58. Najbolji y: 19.3081712804487 najbolji X: [  5.8892496    2.72842345 -15.97435627 -16.40721394 -13.04045099
   8.00505823  17.12439339   2.58922305 -14.23513349   0.17622117] 
Iteracija: 59. Najbolji y: 19.3081712804487 najbolji X: [  5.8892496    2.72842345 -15.97435627 -16.40721394 -13.04045099
   8.00505823  17.12439339   2.58922305 -14.23513349   0.17622117] 
Iteracija: 60. Najbolji y: 19.25167221140324 najbolji X: [  3.49544526   2.50755333 -13.89332265 -13.91781214 -12.23325663
  11.61734944  13.96484223   2.55994973 -14.26063121  -0.01537119] 
Iteracija: 61. Najbolji y: 19.034682154607832 najbolji X: [  7.03215376   5.30098892   0.52969853 -15.83648984  -6.97251511
  -3.79908378  21.81305726  -0.65948959 -12.66875883  -3.74995195] 
Iteracija: 62. Najbolji y: 18.450728385600474 najbolji X: [  3.58570668   4.16811301   3.31950944 -14.42482563  -9.33156969
  -2.98682465  16.08328299   1.58927026 -13.50142278  -0.07102179] 
Iteracija: 63. Najbolji y: 18.038482062037343 najbolji X: [-1.32438544  2.10927395 -7.15544936 -7.43231908 -8.31498656 -6.02998823
 21.53736835 -1.7411672  -6.8999909  -0.80828081] 
Iteracija: 64. Najbolji y: 17.406649899880996 najbolji X: [ -1.43836764   3.32854133  -2.37750078  -8.93439187  -9.7395921
  -4.69829884  14.99715701   0.55786164 -10.28293922   1.56290815] 
Iteracija: 65. Najbolji y: 17.092412150328233 najbolji X: [-2.36109765  3.40851159 -3.46550263 -7.22854017 -9.39720934 -5.3381763
 14.98629027  0.13096605 -9.06806431  1.51049536] 
Iteracija: 66. Najbolji y: 16.83955520150228 najbolji X: [-2.83643013  3.44970725 -4.02597277 -6.34979265 -9.22083528 -5.66780093
 14.98069242 -0.08894372 -8.44223715  1.48349558] 
Iteracija: 67. Najbolji y: 16.459201078065888 najbolji X: [-3.07884291  3.47071645 -4.31180455 -5.90164394 -9.13088702 -5.8359048
 14.97783759 -0.20109456 -8.12307422  1.46972608] 
Iteracija: 68. Najbolji y: 15.787303152753822 najbolji X: [-3.05351647  4.58249262 -4.06677639 -5.61567585 -7.79755847  1.08682216
 14.00612467  0.14498511 -7.72062055  1.32448028] 
Iteracija: 69. Najbolji y: 15.787303152753822 najbolji X: [-3.05351647  4.58249262 -4.06677639 -5.61567585 -7.79755847  1.08682216
 14.00612467  0.14498511 -7.72062055  1.32448028] 
Iteracija: 70. Najbolji y: 15.785576707229461 najbolji X: [-3.05620989  4.19493138 -3.97355771 -5.76114961 -8.10883418  2.41900301
 13.61743859  0.09788103 -7.89454463  1.38979292] 
Iteracija: 71. Najbolji y: 15.409153904932293 najbolji X: [-2.88958816  4.29622329 -1.17116404 -5.90326215 -5.13000805  5.91495483
 12.72349246  2.69389766 -7.29023103  1.54023565] 
Iteracija: 72. Najbolji y: 14.026221510305394 najbolji X: [-1.96538718  7.63602161 -2.806459   -5.11918984 -5.73240507  5.63709812
  9.11961107 -0.88856036 -1.83497892 -3.00290598] 
Iteracija: 73. Najbolji y: 13.256891903417014 najbolji X: [-2.5915283   3.21424965 -1.31334389 -4.37069509 -5.34744353  6.34966906
  8.19202394 -0.90828776 -1.76962276 -2.05550329] 
Iteracija: 74. Najbolji y: 11.581063703690127 najbolji X: [-0.01753226  1.53264404 -1.7549137  -2.19780677 -5.74161138  1.43572447
  4.95772387 -1.06577317 -7.1594521  -2.05583994] 
Iteracija: 75. Najbolji y: 11.017197314341105 najbolji X: [-2.83384351 -0.67302419 -0.87936705 -3.09109633 -5.17255707  3.15912078
  6.5526284  -0.96334368 -2.49924443 -0.92682068] 
Iteracija: 76. Najbolji y: 10.485682845148332 najbolji X: [-2.67157254 -0.80460484 -1.03444298 -2.84106863 -5.1257495   2.7931845
  6.13380092 -0.95475572 -3.10993453 -0.74062254] 
Iteracija: 77. Najbolji y: 10.442004072899893 najbolji X: [-1.59597863  0.6463275  -2.66638944 -2.1993116  -4.12569522  4.04392894
  5.06149333 -0.5788918  -3.117419   -1.19075004] 
Iteracija: 78. Najbolji y: 9.934789991216277 najbolji X: [-0.71138817  1.34048242 -2.19871601 -2.17170087 -4.25419485  3.86244518
  4.26775521 -1.04366224 -2.68358939 -1.96828247] 
Iteracija: 79. Najbolji y: 9.439726511898714 najbolji X: [-0.76384984  1.05251652 -2.19552038 -2.09510519 -4.11159785  3.91928406
  4.2529368  -1.16728641 -2.33054752 -2.0794762 ] 
Iteracija: 80. Najbolji y: 9.016353632229116 najbolji X: [-0.8688849   0.91676681 -2.18229741 -2.04839028 -4.05688378  3.94222854
  4.24750719 -1.22258043 -2.07365058 -2.09336434] 
Iteracija: 81. Najbolji y: 8.80114195516803 najbolji X: [-1.55635963 -2.27439152 -2.10749777 -2.86293852 -4.13687782  0.92787616
  3.22785609  0.11227443 -2.78761783 -0.07430712] 
Iteracija: 82. Najbolji y: 8.645379014418111 najbolji X: [ 0.01622577 -1.4185905  -0.64137932 -3.37909989 -2.68036012  0.80791493
  2.8658402  -0.98847414 -3.38117299 -1.89434945] 
Iteracija: 83. Najbolji y: 7.982937424216843 najbolji X: [-0.82859043 -0.87924923 -1.61602899 -2.59615817 -3.32916591  0.74912032
  1.82608999 -0.07682872 -2.79258002 -1.79512811] 
Iteracija: 84. Najbolji y: 7.705538117634811 najbolji X: [-0.46453612 -0.71293312 -1.07426587 -2.89180267 -2.90388562  0.80411612
  2.21679597 -0.36726108 -3.16463341 -1.06838148] 
Iteracija: 85. Najbolji y: 7.5821696956551445 najbolji X: [-0.41091409 -0.71501935 -0.87726271 -2.89274377 -2.81447497  0.44791734
  1.9266526  -0.33906556 -3.0255517  -1.18525002] 
Iteracija: 86. Najbolji y: 7.49767398062799 najbolji X: [-0.85365876 -1.17486275 -0.91722612 -2.56395601 -3.00325349  0.74014786
  2.05887328 -0.22569371 -2.83860286 -1.36472743] 
Iteracija: 87. Najbolji y: 7.4944377048503945 najbolji X: [-0.29584094 -1.07903358 -1.47673869 -2.81070566 -2.81453226 -1.19045036
  2.05277387 -0.25421893 -2.11150518 -1.37912066] 
Iteracija: 88. Najbolji y: 7.226096987459112 najbolji X: [-0.9387389  -0.85895225 -1.53317598 -2.55524142 -2.75314202 -0.04945727
  2.25699139 -0.04688033 -2.24154367 -0.88962555] 
Iteracija: 89. Najbolji y: 6.987721466680357 najbolji X: [-0.42625039 -1.02123339 -1.1826126  -2.84083633 -2.79846306  0.06813051
  2.01671052 -0.22258093 -2.23970292 -1.15092569] 
Iteracija: 90. Najbolji y: 6.889931438569379 najbolji X: [-0.43540645 -0.99754514 -1.20289836 -2.87821354 -2.78106291  0.03234739
  1.99865787 -0.18343841 -2.24301633 -1.06727883] 
Iteracija: 91. Najbolji y: 6.532547129755585 najbolji X: [-0.33681265 -1.08535438 -1.14220399 -2.92884473 -2.8489232   0.11792761
  0.59563332 -0.15323446 -2.02132968 -0.83497708] 
Iteracija: 92. Najbolji y: 6.383131126363068 najbolji X: [-0.31114691 -1.03224819 -1.36000719 -2.88808355 -2.81860389  0.0423098
  1.0637946  -0.07391849 -2.01526475 -0.92856515] 
Iteracija: 93. Najbolji y: 6.258338389298139 najbolji X: [-0.29967133 -1.00471368 -1.11697545 -2.52212325 -2.81184501  0.13822262
  0.99803116 -0.0578615  -1.98159691 -1.11471714] 
Iteracija: 94. Najbolji y: 5.870979785145632 najbolji X: [-0.20803866 -0.96643224 -1.17581422 -1.94413655 -2.81569777  0.21739681
  0.73123044 -0.05599088 -1.71238976 -0.9945916 ] 
Iteracija: 95. Najbolji y: 5.867100984559375 najbolji X: [-0.21186771 -0.96161989 -1.19005751 -2.01729406 -2.819186    0.1788145
  0.75994062 -0.02989258 -1.79947253 -1.12845974] 
Iteracija: 96. Najbolji y: 5.726470467218977 najbolji X: [-0.66872529 -0.99657055 -1.19291655 -1.89947919 -2.8405568   0.07274922
  1.01131019 -0.01602787 -2.0297236  -1.07522629] 
Iteracija: 97. Najbolji y: 5.153472067648622 najbolji X: [-0.17747281 -0.2224435  -1.17331644 -1.95160056 -1.652259    0.07499608
  0.9038074  -0.02189942 -1.78401035 -1.1065619 ] 
Iteracija: 98. Najbolji y: 4.661239134104736 najbolji X: [-0.16340329  0.30193164 -1.087316   -2.08926646 -1.0481338   0.0195307
  0.93680318 -0.02000559 -1.82297653 -1.09826504] 
Iteracija: 99. Najbolji y: 4.661239134104736 najbolji X: [-0.16340329  0.30193164 -1.087316   -2.08926646 -1.0481338   0.0195307
  0.93680318 -0.02000559 -1.82297653 -1.09826504] 
